# texture name, then zuSrc1 (hue, value) and zuSrc2 (hue, value) as the web game measures them - made by
# tools/looks/bake_palettes.py from the full-size images; read by Looks/HeroLook.Palette (re-run after a hero import)
boss_genesis_hd_basecolor 0.763889 0.613132 0.263889 0.017905
boss_ironmaw_hd_basecolor 0.041667 0.584589 0.791667 0.385015
boss_leviathan_hd_basecolor 0.791667 0.660667 0.486111 0.423746
boss_phoenix_hd_basecolor 0.069444 0.561511 0.569444 0.033127
boss_reaper_hd_basecolor 0.736111 0.225439 0.236111 0.500000
bot_drone_hd_basecolor 0.069444 0.704738 0.569444 0.500000
tripo_node_c9851e57-cf9b-4340-922a-0b8e141c4bf3_BaseColor 0.069444 0.542517 0.569444 0.016988
bot_sentry_hd_basecolor 0.069444 0.491273 0.569444 0.500000
enra_hd_basecolor 0.986111 0.112106 0.486111 0.010398
enra_rig_basecolor 0.986111 0.112106 0.486111 0.010398
tripo_node_3e7b0a45-5270-4248-8499-ff4d2b079c70_BaseColor 0.986111 0.275209 0.486111 0.500000
gantetsu_hd_basecolor 0.041667 0.480915 0.541667 0.500000
gantetsu_rig_basecolor 0.041667 0.480915 0.541667 0.500000
gorgoth_hd_basecolor 0.958333 0.172969 0.458333 0.047471
haruto_hd_basecolor 0.986111 0.316371 0.486111 0.012560
tripo_node_a627d262-8d37-4425-84e2-7ef92de02660_BaseColor 0.986111 0.316371 0.486111 0.012560
hayate_hd_basecolor 0.486111 0.233216 0.152778 0.268674
hayate_rig_basecolor 0.486111 0.233216 0.152778 0.268674
hayate_dragon_hd_basecolor 0.763889 0.433626 0.263889 0.500000
hex_hd_basecolor 0.819444 0.038448 0.930556 0.022745
tripo_node_deda108b-8e63-4cb5-b0ed-44a6783880a0_BaseColor 0.819444 0.038448 0.930556 0.022745
hibiki_hd_basecolor 0.541667 0.707168 0.125000 0.777587
hibiki_rig_basecolor 0.541667 0.707168 0.125000 0.777587
hibiki_armor_rig_basecolor 0.625000 0.469710 0.125000 0.639602
kagemaru_hd_basecolor 0.763889 0.228642 0.263889 0.500000
tripo_node_437f0238-36ed-436f-bf5a-8fe7560c177c_BaseColor 0.763889 0.228642 0.263889 0.500000
kaien_hd_basecolor 0.652778 0.094876 0.041667 0.133257
tripo_node_fa6568d5-1d84-46ac-943e-a4ea4578a570_BaseColor 0.652778 0.094876 0.041667 0.133257
minion_bomber_hd_basecolor 0.763889 0.217138 0.263889 0.047776
minion_lancer_hd_basecolor 0.763889 0.361835 0.263889 0.500000
minion_sentinel_hd_basecolor 0.763889 0.246720 0.263889 0.500000
minion_swarmer_hd_basecolor 0.736111 0.121548 0.236111 0.500000
mirei_hd_basecolor 0.541667 0.820231 0.125000 0.475770
tripo_node_23de425f-bc39-4dbc-842a-07a5e3b5c5b6_BaseColor 0.541667 0.820231 0.125000 0.475770
nocturne_hd_basecolor 0.986111 0.056023 0.486111 0.500000
tripo_node_8b299b0e-d5c5-45a1-98fd-9e3799b0b157_BaseColor 0.986111 0.056023 0.486111 0.500000
qelvaris_rig_basecolor 0.125000 0.460506 0.763889 0.194259
raijin_hd_basecolor 0.125000 0.623670 0.652778 0.043863
tripo_node_08e87859-96cf-464b-959d-423b1240b438_BaseColor 0.125000 0.623670 0.652778 0.043863
tripo_node_a6452f36-d163-448b-a2a3-fdeca1023d3a_BaseColor 0.125000 0.664095 0.625000 0.016640
seiran_hd_basecolor 0.708333 0.024865 0.041667 0.035178
tripo_node_75819964-dda5-4f89-b283-807c96ca81fd_BaseColor 0.708333 0.024865 0.041667 0.035178
seiran_dragon_hd_basecolor 0.569444 0.559972 0.069444 0.500000
tenkai_rig_basecolor 0.125000 0.444287 0.541667 0.593147
tomoe_hd_basecolor 0.541667 0.720341 0.041667 0.273952
tomoe_rig_basecolor 0.541667 0.720341 0.041667 0.273952
tripo_node_c9e1ae3f-6c56-4bef-be9f-b5aa4e610d6d_BaseColor 0.958333 0.122336 0.458333 0.041400
yuzu_hd_basecolor 0.069444 0.685291 0.569444 0.016988
yuzu_rig_basecolor 0.069444 0.685291 0.569444 0.016988
